[19.8, 0.0, 15.0],
[19.8, 0.0, 35.0],
#on-fault at hypocenter depth (6 total)
[19.8, 10.0,  5.0],
[19.8, 10.0, 15.0],
[19.8, 10.0, 20.0],
[19.8, 10.0, 25.0],
[19.8, 10.0, 30.0],
[19.8, 10.0, 35.0],
#on-fault off hypocenter depth (4 total)
[19.8,  5.0, 15.0],
[19.8,  5.0, 35.0],
[19.8, 15.0, 15.0],
[19.8, 15.0, 35.0],
[20.2, 0.0, 15.0],
[20.2, 0.0, 35.0],
#on-fault at hypocenter depth (6 total)
[20.2, 10.0,  5.0],
[20.2, 10.0, 15.0],
[20.2, 10.0, 20.0],
[20.2, 10.0, 25.0],
[20.2, 10.0, 30.0],
[20.2, 10.0, 35.0],
#on-fault off hypocenter depth (4 total)
[20.2,  5.0, 15.0],
[20.2,  5.0, 35.0],
[20.2, 15.0, 15.0],
[20.2, 15.0, 35.0],

