[19.83, 0.0, 15.0],
[19.83, 0.0, 35.0],
#on-fault at hypocenter depth (6 total)
[19.83, 10.0,  5.0],
[19.83, 10.0, 15.0],
[19.83, 10.0, 20.0],
[19.83, 10.0, 25.0],
[19.83, 10.0, 30.0],
[19.83, 10.0, 35.0],
#on-fault off hypocenter depth (4 total)
[19.83,  5.0, 15.0],
[19.83,  5.0, 35.0],
[19.83, 15.0, 15.0],
[19.83, 15.0, 35.0],

[20.15, 0.0, 15.0],
[20.15, 0.0, 35.0],
#on-fault at hypocenter depth (6 total)
[20.15, 10.0,  5.0],
[20.15, 10.0, 15.0],
[20.15, 10.0, 20.0],
[20.15, 10.0, 25.0],
[20.15, 10.0, 30.0],
[20.15, 10.0, 35.0],
#on-fault off hypocenter depth (4 total)
[20.15,  5.0, 15.0],
[20.15,  5.0, 35.0],
[20.15, 15.0, 15.0],
[20.15, 15.0, 35.0]

