[19.71, 0.0, 15.0],
[19.72, 0.0, 15.0],
[19.73, 0.0, 15.0],
[19.74, 0.0, 15.0],
[19.75, 0.0, 15.0],
[19.76, 0.0, 15.0],
[19.77, 0.0, 15.0],
[19.78, 0.0, 15.0],
[19.79, 0.0, 15.0],
[19.8, 0.0, 15.0],
[19.81, 0.0, 15.0],
[19.82, 0.0, 15.0],
[19.83, 0.0, 15.0], = 19.99969
[19.84, 0.0, 15.0], = 20.00908
[19.85, 0.0, 15.0],
[19.86, 0.0, 15.0],
[19.87, 0.0, 15.0],
[19.88, 0.0, 15.0],
[19.89, 0.0, 15.0],

[19.71, 0.0, 35.0],
[19.72, 0.0, 35.0],
[19.73, 0.0, 35.0],
[19.74, 0.0, 35.0],
[19.75, 0.0, 35.0],
[19.76, 0.0, 35.0],
[19.77, 0.0, 35.0],
[19.78, 0.0, 35.0],
[19.79, 0.0, 35.0],
[19.8, 0.0, 35.0],
[19.81, 0.0, 35.0],
[19.82, 0.0, 35.0],
[19.83, 0.0, 35.0],
[19.84, 0.0, 35.0],
[19.85, 0.0, 35.0],
[19.86, 0.0, 35.0],
[19.87, 0.0, 35.0],
[19.88, 0.0, 35.0],
[19.89, 0.0, 35.0],

#on-fault at hypocenter depth (6 total)
[19.71, 10.0,  5.0],
[19.72, 10.0,  5.0],
[19.73, 10.0,  5.0],
[19.74, 10.0,  5.0],
[19.75, 10.0,  5.0],
[19.76, 10.0,  5.0],
[19.77, 10.0,  5.0],
[19.78, 10.0,  5.0],
[19.79, 10.0,  5.0],
[19.8, 10.0,  5.0],
[19.81, 10.0,  5.0],
[19.82, 10.0,  5.0],
[19.83, 10.0,  5.0],
[19.84, 10.0,  5.0],
[19.85, 10.0,  5.0],
[19.86, 10.0,  5.0],
[19.87, 10.0,  5.0],
[19.88, 10.0,  5.0],
[19.89, 10.0,  5.0],

[19.71, 10.0, 15.0],
[19.72, 10.0, 15.0],
[19.73, 10.0, 15.0],
[19.74, 10.0, 15.0],
[19.75, 10.0, 15.0],
[19.76, 10.0, 15.0],
[19.77, 10.0, 15.0],
[19.78, 10.0, 15.0],
[19.79, 10.0, 15.0],
[19.8, 10.0, 15.0],
[19.81, 10.0, 15.0],
[19.82, 10.0, 15.0],
[19.83, 10.0, 15.0],
[19.84, 10.0, 15.0],
[19.85, 10.0, 15.0],
[19.86, 10.0, 15.0],
[19.87, 10.0, 15.0],
[19.88, 10.0, 15.0],
[19.89, 10.0, 15.0],

[19.71, 10.0, 20.0],
[19.72, 10.0, 20.0],
[19.73, 10.0, 20.0],
[19.74, 10.0, 20.0],
[19.75, 10.0, 20.0],
[19.76, 10.0, 20.0],
[19.77, 10.0, 20.0],
[19.78, 10.0, 20.0],
[19.79, 10.0, 20.0],
[19.8, 10.0, 20.0],
[19.81, 10.0, 20.0],
[19.82, 10.0, 20.0],
[19.83, 10.0, 20.0],
[19.84, 10.0, 20.0],
[19.85, 10.0, 20.0],
[19.86, 10.0, 20.0],
[19.87, 10.0, 20.0],
[19.88, 10.0, 20.0],
[19.89, 10.0, 20.0],

[19.71, 10.0, 25.0],
[19.72, 10.0, 25.0],
[19.73, 10.0, 25.0],
[19.74, 10.0, 25.0],
[19.75, 10.0, 25.0],
[19.76, 10.0, 25.0],
[19.77, 10.0, 25.0],
[19.78, 10.0, 25.0],
[19.79, 10.0, 25.0],
[19.8, 10.0, 25.0],
[19.81, 10.0, 25.0],
[19.82, 10.0, 25.0],
[19.83, 10.0, 25.0],
[19.84, 10.0, 25.0],
[19.85, 10.0, 25.0],
[19.86, 10.0, 25.0],
[19.87, 10.0, 25.0],
[19.88, 10.0, 25.0],
[19.89, 10.0, 25.0],

[19.71, 10.0, 30.0],
[19.72, 10.0, 30.0],
[19.73, 10.0, 30.0],
[19.74, 10.0, 30.0],
[19.75, 10.0, 30.0],
[19.76, 10.0, 30.0],
[19.77, 10.0, 30.0],
[19.78, 10.0, 30.0],
[19.79, 10.0, 30.0],
[19.8, 10.0, 30.0],
[19.81, 10.0, 30.0],
[19.82, 10.0, 30.0],
[19.83, 10.0, 30.0],
[19.84, 10.0, 30.0],
[19.85, 10.0, 30.0],
[19.86, 10.0, 30.0],
[19.87, 10.0, 30.0],
[19.88, 10.0, 30.0],
[19.89, 10.0, 30.0],

[19.71, 10.0, 35.0],
[19.72, 10.0, 35.0],
[19.73, 10.0, 35.0],
[19.74, 10.0, 35.0],
[19.75, 10.0, 35.0],
[19.76, 10.0, 35.0],
[19.77, 10.0, 35.0],
[19.78, 10.0, 35.0],
[19.79, 10.0, 35.0],
[19.8, 10.0, 35.0],
[19.81, 10.0, 35.0],
[19.82, 10.0, 35.0],
[19.83, 10.0, 35.0],
[19.84, 10.0, 35.0],
[19.85, 10.0, 35.0],
[19.86, 10.0, 35.0],
[19.87, 10.0, 35.0],
[19.88, 10.0, 35.0],
[19.89, 10.0, 35.0],

#on-fault off hypocenter depth (4 total)
[19.71,  5.0, 15.0],
[19.72,  5.0, 15.0],
[19.73,  5.0, 15.0],
[19.74,  5.0, 15.0],
[19.75,  5.0, 15.0],
[19.76,  5.0, 15.0],
[19.77,  5.0, 15.0],
[19.78,  5.0, 15.0],
[19.79,  5.0, 15.0],
[19.8,  5.0, 15.0],
[19.81,  5.0, 15.0],
[19.82,  5.0, 15.0],
[19.83,  5.0, 15.0],
[19.84,  5.0, 15.0],
[19.85,  5.0, 15.0],
[19.86,  5.0, 15.0],
[19.87,  5.0, 15.0],
[19.88,  5.0, 15.0],
[19.89,  5.0, 15.0],

[19.71,  5.0, 35.0],
[19.72,  5.0, 35.0],
[19.73,  5.0, 35.0],
[19.74,  5.0, 35.0],
[19.75,  5.0, 35.0],
[19.76,  5.0, 35.0],
[19.77,  5.0, 35.0],
[19.78,  5.0, 35.0],
[19.79,  5.0, 35.0],
[19.8,  5.0, 35.0],
[19.81,  5.0, 35.0],
[19.82,  5.0, 35.0],
[19.83,  5.0, 35.0],
[19.84,  5.0, 35.0],
[19.85,  5.0, 35.0],
[19.86,  5.0, 35.0],
[19.87,  5.0, 35.0],
[19.88,  5.0, 35.0],
[19.89,  5.0, 35.0],

[19.71, 15.0, 15.0],
[19.72, 15.0, 15.0],
[19.73, 15.0, 15.0],
[19.74, 15.0, 15.0],
[19.75, 15.0, 15.0],
[19.76, 15.0, 15.0],
[19.77, 15.0, 15.0],
[19.78, 15.0, 15.0],
[19.79, 15.0, 15.0],
[19.8, 15.0, 15.0],
[19.81, 15.0, 15.0],
[19.82, 15.0, 15.0],
[19.83, 15.0, 15.0],
[19.84, 15.0, 15.0],
[19.85, 15.0, 15.0],
[19.86, 15.0, 15.0],
[19.87, 15.0, 15.0],
[19.88, 15.0, 15.0],
[19.89, 15.0, 15.0],

[19.71, 15.0, 35.0],
[19.72, 15.0, 35.0],
[19.73, 15.0, 35.0],
[19.74, 15.0, 35.0],
[19.75, 15.0, 35.0],
[19.76, 15.0, 35.0],
[19.77, 15.0, 35.0],
[19.78, 15.0, 35.0],
[19.79, 15.0, 35.0],
[19.8, 15.0, 35.0],
[19.81, 15.0, 35.0],
[19.82, 15.0, 35.0],
[19.83, 15.0, 35.0],
[19.84, 15.0, 35.0],
[19.85, 15.0, 35.0],
[19.86, 15.0, 35.0],
[19.87, 15.0, 35.0],
[19.88, 15.0, 35.0],
[19.89, 15.0, 35.0],









[20.11, 0.0, 15.0],
[20.12, 0.0, 15.0],
[20.13, 0.0, 15.0],
[20.14, 0.0, 15.0], = 19.99298
[20.15, 0.0, 15.0], = 20.00355
[20.16, 0.0, 15.0],
[20.17, 0.0, 15.0],
[20.18, 0.0, 15.0],
[20.19, 0.0, 15.0],
[20.2, 0.0, 15.0],
[20.21, 0.0, 15.0],
[20.22, 0.0, 15.0],
[20.23, 0.0, 15.0],
[20.24, 0.0, 15.0],
[20.25, 0.0, 15.0],
[20.26, 0.0, 15.0],
[20.27, 0.0, 15.0],
[20.28, 0.0, 15.0],
[20.29, 0.0, 15.0],

[20.11, 0.0, 35.0],
[20.12, 0.0, 35.0],
[20.13, 0.0, 35.0],
[20.14, 0.0, 35.0],
[20.15, 0.0, 35.0],
[20.16, 0.0, 35.0],
[20.17, 0.0, 35.0],
[20.18, 0.0, 35.0],
[20.19, 0.0, 35.0],
[20.2, 0.0, 35.0],
[20.21, 0.0, 35.0],
[20.22, 0.0, 35.0],
[20.23, 0.0, 35.0],
[20.24, 0.0, 35.0],
[20.25, 0.0, 35.0],
[20.26, 0.0, 35.0],
[20.27, 0.0, 35.0],
[20.28, 0.0, 35.0],
[20.29, 0.0, 35.0],

#on-fault at hypocenter depth (6 total)
[20.11, 10.0,  5.0],
[20.12, 10.0,  5.0],
[20.13, 10.0,  5.0],
[20.14, 10.0,  5.0],
[20.15, 10.0,  5.0],
[20.16, 10.0,  5.0],
[20.17, 10.0,  5.0],
[20.18, 10.0,  5.0],
[20.19, 10.0,  5.0],
[20.2, 10.0,  5.0],
[20.21, 10.0,  5.0],
[20.22, 10.0,  5.0],
[20.23, 10.0,  5.0],
[20.24, 10.0,  5.0],
[20.25, 10.0,  5.0],
[20.26, 10.0,  5.0],
[20.27, 10.0,  5.0],
[20.28, 10.0,  5.0],
[20.29, 10.0,  5.0],

[20.11, 10.0, 15.0],
[20.12, 10.0, 15.0],
[20.13, 10.0, 15.0],
[20.14, 10.0, 15.0],
[20.15, 10.0, 15.0],
[20.16, 10.0, 15.0],
[20.17, 10.0, 15.0],
[20.18, 10.0, 15.0],
[20.19, 10.0, 15.0],
[20.2, 10.0, 15.0],
[20.21, 10.0, 15.0],
[20.22, 10.0, 15.0],
[20.23, 10.0, 15.0],
[20.24, 10.0, 15.0],
[20.25, 10.0, 15.0],
[20.26, 10.0, 15.0],
[20.27, 10.0, 15.0],
[20.28, 10.0, 15.0],
[20.29, 10.0, 15.0],

[20.11, 10.0, 20.0],
[20.12, 10.0, 20.0],
[20.13, 10.0, 20.0],
[20.14, 10.0, 20.0],
[20.15, 10.0, 20.0],
[20.16, 10.0, 20.0],
[20.17, 10.0, 20.0],
[20.18, 10.0, 20.0],
[20.19, 10.0, 20.0],
[20.2, 10.0, 20.0],
[20.21, 10.0, 20.0],
[20.22, 10.0, 20.0],
[20.23, 10.0, 20.0],
[20.24, 10.0, 20.0],
[20.25, 10.0, 20.0],
[20.26, 10.0, 20.0],
[20.27, 10.0, 20.0],
[20.28, 10.0, 20.0],
[20.29, 10.0, 20.0],

[20.11, 10.0, 25.0],
[20.12, 10.0, 25.0],
[20.13, 10.0, 25.0],
[20.14, 10.0, 25.0],
[20.15, 10.0, 25.0],
[20.16, 10.0, 25.0],
[20.17, 10.0, 25.0],
[20.18, 10.0, 25.0],
[20.19, 10.0, 25.0],
[20.2, 10.0, 25.0],
[20.21, 10.0, 25.0],
[20.22, 10.0, 25.0],
[20.23, 10.0, 25.0],
[20.24, 10.0, 25.0],
[20.25, 10.0, 25.0],
[20.26, 10.0, 25.0],
[20.27, 10.0, 25.0],
[20.28, 10.0, 25.0],
[20.29, 10.0, 25.0],

[20.11, 10.0, 30.0],
[20.12, 10.0, 30.0],
[20.13, 10.0, 30.0],
[20.14, 10.0, 30.0],
[20.15, 10.0, 30.0],
[20.16, 10.0, 30.0],
[20.17, 10.0, 30.0],
[20.18, 10.0, 30.0],
[20.19, 10.0, 30.0],
[20.2, 10.0, 30.0],
[20.21, 10.0, 30.0],
[20.22, 10.0, 30.0],
[20.23, 10.0, 30.0],
[20.24, 10.0, 30.0],
[20.25, 10.0, 30.0],
[20.26, 10.0, 30.0],
[20.27, 10.0, 30.0],
[20.28, 10.0, 30.0],
[20.29, 10.0, 30.0],

[20.11, 10.0, 35.0],
[20.12, 10.0, 35.0],
[20.13, 10.0, 35.0],
[20.14, 10.0, 35.0],
[20.15, 10.0, 35.0],
[20.16, 10.0, 35.0],
[20.17, 10.0, 35.0],
[20.18, 10.0, 35.0],
[20.19, 10.0, 35.0],
[20.2, 10.0, 35.0],
[20.21, 10.0, 35.0],
[20.22, 10.0, 35.0],
[20.23, 10.0, 35.0],
[20.24, 10.0, 35.0],
[20.25, 10.0, 35.0],
[20.26, 10.0, 35.0],
[20.27, 10.0, 35.0],
[20.28, 10.0, 35.0],
[20.29, 10.0, 35.0],

#on-fault off hypocenter depth (4 total)
[20.11,  5.0, 15.0],
[20.12,  5.0, 15.0],
[20.13,  5.0, 15.0],
[20.14,  5.0, 15.0],
[20.15,  5.0, 15.0],
[20.16,  5.0, 15.0],
[20.17,  5.0, 15.0],
[20.18,  5.0, 15.0],
[20.19,  5.0, 15.0],
[20.2,  5.0, 15.0],
[20.21,  5.0, 15.0],
[20.22,  5.0, 15.0],
[20.23,  5.0, 15.0],
[20.24,  5.0, 15.0],
[20.25,  5.0, 15.0],
[20.26,  5.0, 15.0],
[20.27,  5.0, 15.0],
[20.28,  5.0, 15.0],
[20.29,  5.0, 15.0],

[20.11,  5.0, 35.0],
[20.12,  5.0, 35.0],
[20.13,  5.0, 35.0],
[20.14,  5.0, 35.0],
[20.15,  5.0, 35.0],
[20.16,  5.0, 35.0],
[20.17,  5.0, 35.0],
[20.18,  5.0, 35.0],
[20.19,  5.0, 35.0],
[20.2,  5.0, 35.0],
[20.21,  5.0, 35.0],
[20.22,  5.0, 35.0],
[20.23,  5.0, 35.0],
[20.24,  5.0, 35.0],
[20.25,  5.0, 35.0],
[20.26,  5.0, 35.0],
[20.27,  5.0, 35.0],
[20.28,  5.0, 35.0],
[20.29,  5.0, 35.0],

[20.11, 15.0, 15.0],
[20.12, 15.0, 15.0],
[20.13, 15.0, 15.0],
[20.14, 15.0, 15.0],
[20.15, 15.0, 15.0],
[20.16, 15.0, 15.0],
[20.17, 15.0, 15.0],
[20.18, 15.0, 15.0],
[20.19, 15.0, 15.0],
[20.2, 15.0, 15.0],
[20.21, 15.0, 15.0],
[20.22, 15.0, 15.0],
[20.23, 15.0, 15.0],
[20.24, 15.0, 15.0],
[20.25, 15.0, 15.0],
[20.26, 15.0, 15.0],
[20.27, 15.0, 15.0],
[20.28, 15.0, 15.0],
[20.29, 15.0, 15.0],

[20.11, 15.0, 35.0],
[20.12, 15.0, 35.0],
[20.13, 15.0, 35.0],
[20.14, 15.0, 35.0],
[20.15, 15.0, 35.0],
[20.16, 15.0, 35.0],
[20.17, 15.0, 35.0],
[20.18, 15.0, 35.0],
[20.19, 15.0, 35.0],
[20.2, 15.0, 35.0],
[20.21, 15.0, 35.0],
[20.22, 15.0, 35.0],
[20.23, 15.0, 35.0],
[20.24, 15.0, 35.0],
[20.25, 15.0, 35.0],
[20.26, 15.0, 35.0],
[20.27, 15.0, 35.0],
[20.28, 15.0, 35.0],
[20.29, 15.0, 35.0],


