# on-fault tracers (35)
[20.0, 0.0,14.0],
[20.0, 1.0,14.0],
[20.0, 2.4,14.0],
[20.0, 5.0,14.0],
[20.0, 7.5,14.0],
[20.0,10.0,14.0],
[20.0,12.0,14.0],

[20.0, 0.0, 8.0],
[20.0, 1.0, 8.0],
[20.0, 2.4, 8.0],
[20.0, 5.0, 8.0],
[20.0, 7.5, 8.0],
[20.0,10.0, 8.0],
[20.0,12.0, 8.0],

[20.0, 0.0,20.0],
[20.0, 1.0,20.0],
[20.0, 2.4,20.0],
[20.0, 5.0,20.0],
[20.0, 7.5,20.0],
[20.0,10.0,20.0],
[20.0,12.0,20.0],

[20.0, 0.0,26.0],
[20.0, 1.0,26.0],
[20.0, 2.4,26.0],
[20.0, 5.0,26.0],
[20.0, 7.5,26.0],
[20.0,10.0,26.0],
[20.0,12.0,26.0],

[20.0, 0.0,32.0],
[20.0, 1.0,32.0],
[20.0, 2.4,32.0],
[20.0, 5.0,32.0],
[20.0, 7.5,32.0],
[20.0,10.0,32.0],
[20.0,12.0,32.0],

# off-fault tracers (56)
[17.0, 0.0,10.0],
[17.0, 2.4,10.0],
[17.0, 0.0, 0.0],
[17.0, 2.4, 0.0],
[17.0, 0.0,20.0],
[17.0, 2.4,20.0],
[17.0, 0.0,30.0],
[17.0, 2.4,30.0],
[17.0, 0.0,40.0],
[17.0, 2.4,40.0],

[11.0, 0.0,10.0],
[11.0, 2.4,10.0],
[11.0, 0.0, 0.0],
[11.0, 2.4, 0.0],
[11.0, 0.0,20.0],
[11.0, 2.4,20.0],
[11.0, 0.0,30.0],
[11.0, 2.4,30.0],
[11.0, 0.0,40.0],
[11.0, 2.4,40.0],

[ 5.0, 0.0, 5.0],
[ 5.0, 2.4, 5.0],
[ 5.0, 0.0,20.0],
[ 5.0, 2.4,20.0],
[ 5.0, 0.0,35.0],
[ 5.0, 2.4,35.0],

[20.0, 0.0, 0.0],
[20.0, 2.4, 0.0],
[20.0, 0.0,40.0],
[20.0, 2.4,40.0],

[23.0, 0.0,10.0],
[23.0, 2.4,10.0],
[23.0, 0.0, 0.0],
[23.0, 2.4, 0.0],
[23.0, 0.0,20.0],
[23.0, 2.4,20.0],
[23.0, 0.0,30.0],
[23.0, 2.4,30.0],
[23.0, 0.0,40.0],
[23.0, 2.4,40.0],

[29.0, 0.0,10.0],
[29.0, 2.4,10.0],
[29.0, 0.0, 0.0],
[29.0, 2.4, 0.0],
[29.0, 0.0,20.0],
[29.0, 2.4,20.0],
[29.0, 0.0,30.0],
[29.0, 2.4,30.0],
[29.0, 0.0,40.0],
[29.0, 2.4,40.0],

[35.0, 0.0, 5.0],
[35.0, 2.4, 5.0],
[35.0, 0.0,20.0],
[35.0, 2.4,20.0],
[35.0, 0.0,35.0],
[35.0, 2.4,35.0]

